0 [2. 2. 3. 2. 2. 2. 4. 3. 3. 3. 4. 4. 5. 1.]
1 [4. 3. 3. 4. 4. 2. 4. 4. 3. 4. 3. 4. 3. 3. 3. 3. 3. 4. 5. 2. 2.]
2 [3. 2. 3. 5. 3. 5. 5. 2. 2. 4. 5. 4. 2. 4. 3. 3. 4. 3. 3. 4.]
3 [3. 5. 3. 3. 3. 2. 5. 2. 3. 3. 2. 4. 5. 3. 3. 4. 2. 5.]
4 [3. 2. 3. 5. 4. 5. 4. 2. 3. 4. 3. 4. 3. 2. 3. 4. 3. 3. 4. 5.]
5 [4. 2. 3. 4. 4. 2. 3. 5. 5. 3. 4. 3. 3. 3.]
6 [4. 5. 3. 2. 3. 3. 3. 3. 2. 3. 4.]
7 [4. 2. 4. 4. 5. 6. 3. 4. 3. 3. 2. 3.]
8 [3. 4. 4. 4. 4. 3. 4. 3. 3. 4. 4. 3. 2. 3. 3. 6.]
9 [4. 4. 6. 3. 5. 4. 4. 3. 2. 3. 5. 3. 4. 3. 2. 4. 2. 3. 3.]
10 [3. 6. 4. 4. 2. 3. 3. 3. 3. 3. 3. 3. 4. 3. 3. 5.]
11 [3. 3. 4. 4. 5. 3. 5. 4. 2. 5. 4. 3. 4. 4. 3. 4. 3.]
12 [4. 5. 5. 6. 5. 2. 5. 4. 2. 4. 4. 4. 3. 3. 4. 3. 4. 2. 3.]
13 [3. 3. 3. 3. 3. 3. 5. 3. 4. 3. 4. 3. 2. 5. 5. 3.]
14 [4. 3. 3. 3. 3. 4. 3. 3. 3. 4. 4. 3. 5. 5.]
15 [3. 3. 3. 3. 3. 4. 3. 2. 4. 4. 5. 2. 4. 6. 2.]
16 [3. 3. 2. 2. 4. 3. 3. 5. 3. 6. 4. 4. 5.]
17 [4. 4. 4. 3. 3. 3. 2. 4. 3. 4. 4.]
18 [5. 3. 3. 3. 3. 3. 4. 3. 3. 3. 5. 3. 3.]
19 [3. 4. 3. 3. 3. 2. 3. 4. 4. 5. 4. 2. 4. 2. 4. 5.]
20 [4. 4. 5. 3. 3. 4. 3. 3. 5. 2. 4. 3. 5. 4. 2. 4. 2. 3. 5. 5. 3.]
21 [3. 4. 3. 4. 3. 3. 4. 5. 4. 3. 4. 3. 3.]
22 [2. 5. 2. 4. 3. 3. 4. 4. 3. 5. 2. 4. 3. 3. 3. 4. 2. 3.]
23 [4. 3. 4. 3. 4. 3. 5. 3. 2. 3. 4. 2.]
24 [4. 1. 4. 4. 4. 4. 3. 4. 2. 4. 2. 3. 3. 4. 4. 4. 4. 5. 4. 3. 3.]

